res:
    test0a.png : 0.000125627
    test0b.png : 5.33711e-06
